"WSPD";"GST";"ATMP";"PRES";"Time";"Components"
0.974322856072681;1.20633013365613;1.04955728088002;2.33786211457435;0.405848979949951;1
0.848327344866382;0.993988869014354;0.659975296189617;0.433282315343458;0.355940818786621;2
0.730393195531351;0.794557235075451;0.470216099071482;0.318567080145394;0.401564359664917;3
0.662640016544266;0.711872600079324;0.456668877170902;0.253468788537265;0.394783496856689;4
0.518825777342583;0.583613285760602;0.435160427507421;0.214596182674698;0.400672435760498;5
0.449175615310342;0.51497480088017;0.413042852737776;0.202313813350466;0.578023910522461;6
0.425415179479183;0.486188460503364;0.376191563625563;0.19417262974925;0.436477422714233;7
0.414975874255999;0.484314679864797;0.361832502769941;0.189665104125234;0.464015007019043;8
0.41557446790875;0.481500854484372;0.35589132730296;0.182281042062941;0.488717794418335;9
0.415582164019685;0.478756168566184;0.350336517057611;0.170307677017844;0.501311779022217;10
0.414854617897574;0.477079259848005;0.344709798637183;0.165311129855692;0.529565572738647;11
0.413655759857624;0.477341732998988;0.339274499439962;0.162751173997403;0.53012228012085;12
0.412571459399695;0.477781955112245;0.338969511544743;0.159115153547095;0.583077192306519;13
0.411648680590033;0.477926933476025;0.338656555997613;0.159529383230531;0.630180597305298;14
0.411218908039065;0.477355009675091;0.339233846737993;0.161107804436618;0.62946081161499;15
0.41176574331616;0.476772666889248;0.339635414188239;0.154522718345451;0.648598194122314;16
0.411633291434289;0.476821244946384;0.339199323531732;0.158593280397228;0.685682773590088;17
0.411909942963063;0.476997844550304;0.339510986495061;0.156014941745354;0.734066009521484;18
0.411480307044753;0.476492903354098;0.339806797376789;0.169833961707621;0.990382671356201;19
0.411914486767709;0.476882592464418;0.33962023944726;0.182477196928095;0.771793842315674;20
0.411809921866585;0.476914954553584;0.339867724942049;0.183764422008227;0.757362365722656;21
0.41151223419402;0.476601151314647;0.340293798288649;0.181197052183702;0.834648847579956;22
0.411342270446767;0.476354215265047;0.341220848056155;0.178617697761147;0.863960266113281;23
0.411299214116906;0.476335815774664;0.34172740418306;0.176968444900288;0.91045093536377;24
0.411209349554198;0.476266274780185;0.342898605771177;0.17735688689668;1.18257427215576;25
0.4115045514136;0.476467757350553;0.344175318609622;0.176987652872608;0.954916954040527;26
0.41167670939488;0.476502149048397;0.345170135523431;0.176571775760717;1.24101853370667;27
0.411534827492021;0.476370381188837;0.345515024752433;0.173695603127067;1.00829792022705;28
0.411518853399217;0.476232219790491;0.345561239357465;0.171104069815572;1.04309988021851;29
0.411580192266593;0.476324988543831;0.345978860397295;0.170456677297816;1.32926917076111;30
0.411411141138437;0.4763477041433;0.346525683644366;0.168216641175997;1.26050734519958;31
0.411467569120698;0.476393067234898;0.346776407846851;0.164565883048598;1.42006134986877;32
0.411810795699895;0.476408041321241;0.346892021949632;0.163138475051961;1.45352411270142;33
0.411810802621836;0.476335221140699;0.346922379147002;0.163002366955459;1.51507091522217;34
0.411824067101835;0.47635388422084;0.346862618677875;0.162907392643623;1.53436779975891;35
0.41182464304846;0.47633221658129;0.34679166282812;0.161200074142607;1.40277171134949;36
0.411811417075455;0.476328347967618;0.346777616110944;0.15993612734744;1.668625831604;37
0.411818299023853;0.476367834492625;0.346739426067744;0.159926905522042;1.49958324432373;38
0.411824586714822;0.476361025605924;0.346729184996191;0.159919007780027;1.60819530487061;39
0.411821004702578;0.476357974528635;0.346699997543437;0.159619119514091;1.86186194419861;40
